 -4.00322938e-03
 -4.16579714e-03
 -4.35689350e-03
 -4.67058954e-03
 -4.99971344e-03
 -5.40204083e-03
 -5.95605675e-03
 -6.66453917e-03
 -7.61100915e-03
 -8.59018398e-03
 -9.53419840e-03
 -1.03952701e-02
 -1.08322344e-02
 -1.10583932e-02
 -1.11769927e-02
 -1.11444071e-02
 -1.10835115e-02
 -1.10478883e-02
 -1.09423542e-02
 -1.08298003e-02
 -1.07191854e-02
 -1.06704810e-02
 -1.07525579e-02
 -1.09122288e-02
 -1.10813862e-02
 -1.12670877e-02
 -1.14958392e-02
 -1.16904352e-02
 -1.16781489e-02
 -1.14207260e-02
 -1.09745323e-02
 -1.04710010e-02
 -1.01232302e-02
 -9.91126079e-03
 -9.67784465e-03
 -9.34243281e-03
 -8.94399925e-03
 -8.62988938e-03
 -8.17634951e-03
 -7.42023658e-03
 -6.37366062e-03
 -5.50073474e-03
 -4.89345606e-03
 -4.43133664e-03
 -4.06284522e-03
 -3.65717984e-03
 -3.33667393e-03
 -3.16343638e-03
 -3.02675487e-03
 -2.75129855e-03
 -2.20679298e-03
 -1.53696110e-03
 -9.71035562e-04
 -5.13260152e-04
 -1.79046122e-04
 1.12672618e-04
 4.72982588e-04
 9.34962508e-04
 1.26464091e-03
 1.42308170e-03
 1.60680974e-03
 1.88810578e-03
 2.23047018e-03
 2.63709732e-03
 3.09755989e-03
 3.59236471e-03
 4.00769824e-03
 4.34351312e-03
 4.63308435e-03
 4.89234571e-03
 5.09093337e-03
 5.13065826e-03
 4.97136765e-03
 4.67113373e-03
 4.27497346e-03
 3.79568296e-03
 3.20834699e-03
 2.67664749e-03
 2.44953036e-03
 2.64971684e-03
 3.06272541e-03
 3.58092643e-03
 4.13008411e-03
 4.64642892e-03
 5.07874968e-03
 5.32976516e-03
 5.63600651e-03
 6.05678462e-03
 6.56742531e-03
 7.23606384e-03
 8.28494106e-03
 9.44042194e-03
 1.05635734e-02
 1.16412638e-02
 1.24438713e-02
 1.28054933e-02
 1.28031123e-02
 1.25683335e-02
 1.21549351e-02
 1.16752693e-02
 1.11838840e-02
 1.07970569e-02
 1.04943770e-02
 1.01896070e-02
 9.84863766e-03
 9.45968393e-03
 9.06078735e-03
 8.68588093e-03
 8.36988890e-03
 8.14609897e-03
 8.03111791e-03
 8.03907857e-03
 8.03815310e-03
 7.90364115e-03
 7.79038586e-03
 7.71771922e-03
 7.70653530e-03
 7.68385454e-03
 7.62555685e-03
 7.52189770e-03
 7.40157188e-03
 7.31428235e-03
 7.30260214e-03
 7.37616844e-03
 7.42425193e-03
 7.32810566e-03
 7.15373495e-03
 6.97524734e-03
 6.82850776e-03
 6.71360375e-03
 6.62991533e-03
 6.54593095e-03
 6.40262300e-03
 6.23816458e-03
 6.17348360e-03
 6.27061650e-03
 6.49057611e-03
 6.77534666e-03
 7.09919633e-03
 7.49355926e-03
 7.91748622e-03
 8.15198275e-03
 8.10913093e-03
 7.96110092e-03
 7.80121836e-03
 7.56440675e-03
 7.37507037e-03
 7.36493781e-03
 7.52256877e-03
 7.70083940e-03
 7.99990644e-03
 8.51556969e-03
 8.95271743e-03
 9.17996173e-03
 9.29220953e-03
 9.26010834e-03
 9.07226259e-03
 8.83338471e-03
 8.59957754e-03
 8.27297721e-03
 7.88490013e-03
 7.55422801e-03
 7.30777750e-03
 7.14463967e-03
 7.10996319e-03
 7.04315171e-03
 6.68631144e-03
 6.01388671e-03
 5.31705777e-03
 4.63792166e-03
 3.92917002e-03
 3.18747971e-03
 2.51067993e-03
 2.19250305e-03
 2.05456246e-03
 1.88234156e-03
 1.53253404e-03
 9.47338168e-04
 2.46228158e-04
 -3.68322512e-04
 -8.20782102e-04
 -1.17230561e-03
 -1.57507367e-03
 -2.14117932e-03
 -2.68869146e-03
 -3.12448652e-03
 -3.42249516e-03
 -3.60245613e-03
 -3.66642124e-03
 -3.56157776e-03
 -3.26702922e-03
 -2.86247395e-03
 -2.46653964e-03
 -2.15278276e-03
 -1.87125017e-03
 -1.57737229e-03
 -1.28362593e-03
 -9.45954342e-04
 -4.82474702e-04
 -2.75406120e-05
 3.63519648e-04
 6.31798948e-04
 8.71157638e-04
 1.28799058e-03
 1.81706411e-03
 2.43662969e-03
 3.12210383e-03
 3.78176534e-03
 4.25620434e-03
 4.62805261e-03
 4.99157631e-03
 5.47225337e-03
 6.09737126e-03
 6.89537155e-03
 7.93640537e-03
 8.81456541e-03
 9.31527882e-03
 9.62130977e-03
 9.94277883e-03
 1.05699984e-02
 1.15124200e-02
 1.22925660e-02
 1.28956350e-02
 1.33290004e-02
 1.35958190e-02
 1.38185780e-02
 1.38943101e-02
 1.39718081e-02
 1.41021152e-02
 1.41666876e-02
 1.38748145e-02
 1.31446440e-02
 1.22179375e-02
 1.13935199e-02
 1.07070637e-02
 1.00946488e-02
 9.53343047e-03
 9.01817050e-03
 8.52513515e-03
 7.99721723e-03
 7.38828130e-03
 6.68546276e-03
 5.89823649e-03
 5.22788215e-03
 4.95975856e-03
 4.96525622e-03
 5.05760964e-03
 5.13295890e-03
 5.18942011e-03
 5.37420005e-03
 5.69401385e-03
 5.97960262e-03
 6.19377656e-03
 6.38208564e-03
 6.56803641e-03
 6.63928781e-03
 6.48599880e-03
 6.16660262e-03
 5.77196190e-03
 5.50831475e-03
 5.54769594e-03
 5.84359050e-03
 6.16358096e-03
 6.20062860e-03
 6.01249313e-03
 5.75215105e-03
 5.49863387e-03
 5.23953043e-03
 4.96962860e-03
 4.73739319e-03
 4.51294039e-03
 4.13412875e-03
 3.63924751e-03
 3.27634381e-03
 3.08592132e-03
 2.88149822e-03
 2.54164112e-03
 2.17698231e-03
 1.72393422e-03
 1.15277386e-03
 5.07443178e-04
 9.87380800e-06
 -2.15662520e-05
 -3.90461692e-04
 -7.07792272e-04
 -9.48871032e-04
 -1.25929303e-03
 -1.68265999e-03
 -2.13657864e-03
 -2.56718763e-03
 -3.12019040e-03
 -3.76842248e-03
 -4.39567670e-03
 -4.93664713e-03
 -5.54658498e-03
 -6.28400941e-03
 -6.87935544e-03
 -7.12050531e-03
 -7.21306694e-03
 -7.28942084e-03
 -7.35578533e-03
 -7.37495781e-03
 -7.38445934e-03
 -7.39176974e-03
 -7.39670293e-03
 -7.40391417e-03
 -7.38711789e-03
 -7.31963277e-03
 -7.23702994e-03
 -7.18232951e-03
 -7.14685357e-03
 -7.05306895e-03
 -6.82617607e-03
 -6.44597583e-03
 -5.91972231e-03
 -5.38117332e-03
 -4.93797046e-03
 -4.46294826e-03
 -3.92246671e-03
 -3.47058265e-03
 -3.16414184e-03
 -2.93627004e-03
 -2.71290714e-03
 -2.50754050e-03
 -2.28894420e-03
 -2.02353870e-03
 -1.85661841e-03
 -1.77187012e-03
 -1.64387362e-03
 -1.39403210e-03
 -1.06653288e-03
 -6.03939222e-04
 8.43637280e-05
 7.31138448e-04
 1.37471874e-03
 1.91759745e-03
 2.48128061e-03
 3.15362001e-03
 3.89092679e-03
 4.66315349e-03
 5.42429775e-03
 6.17655409e-03
 6.76929327e-03
 7.10453532e-03
 7.22539963e-03
 7.17887429e-03
 7.08365010e-03
 7.07323405e-03
 7.11450579e-03
 7.29085311e-03
 7.56903311e-03
 7.72483872e-03
 7.74482263e-03
 7.63322152e-03
 7.34120452e-03
 6.94946203e-03
 6.64002027e-03
 6.42039680e-03
 6.28691799e-03
 6.26703595e-03
 6.40277493e-03
 6.68927337e-03
 7.05747409e-03
 7.43819566e-03
 7.80647906e-03
 8.11425588e-03
 8.33098385e-03
 8.47017273e-03
 8.55735070e-03
 8.58184717e-03
 8.52737880e-03
 8.45385134e-03
 8.46468389e-03
 8.56990719e-03
 8.68433512e-03
 8.79054352e-03
 8.92020045e-03
 9.08830034e-03
 9.26536480e-03
 9.43465711e-03
 9.60030926e-03
 9.74016540e-03
 9.76299435e-03
 9.62639482e-03
 9.40734542e-03
 9.14496198e-03
 8.82184144e-03
 8.50251043e-03
 8.25058639e-03
 8.10174850e-03
 8.12794601e-03
 8.30700748e-03
 8.58947127e-03
 8.96386789e-03
 9.21632582e-03
 9.15759898e-03
 8.81910852e-03
 8.20259345e-03
 7.51457690e-03
 6.93256579e-03
 6.25933454e-03
 5.52441787e-03
 4.79643366e-03
 4.14524467e-03
 3.59012458e-03
 3.19978884e-03
 2.89170512e-03
 2.65169297e-03
 2.40352381e-03
 2.12522662e-03
 1.89479169e-03
 1.71513565e-03
 1.55558378e-03
 1.38841824e-03
 1.21148541e-03
 1.05663911e-03
 9.78181298e-04
 1.01737232e-03
 1.16374357e-03
 1.35673575e-03
 1.41663632e-03
 1.27613516e-03
 1.10000751e-03
 9.57674928e-04
 8.30946368e-04
 6.88521948e-04
 4.87307388e-04
 1.90412558e-04
 -2.02619092e-04
 -6.25510432e-04
 -7.97711242e-04
 -6.74065632e-04
 -3.91118302e-04
 -9.10866720e-05
 1.31053568e-04
 2.52526928e-04
 3.01465908e-04
 2.26589928e-04
 8.34058580e-05
 -9.30452003e-07
 -5.45265020e-05
 -1.63087992e-04
 -4.40715142e-04
 -8.87540102e-04
 -1.26124468e-03
 -1.47002392e-03
 -1.68581725e-03
 -1.92133871e-03
 -2.12001443e-03
 -2.25844657e-03
 -2.35085373e-03
 -2.41412174e-03
 -2.43401517e-03
 -2.39721975e-03
 -2.31547588e-03
 -2.19918152e-03
 -2.07349351e-03
 -1.88887966e-03
 -1.67592647e-03
 -1.52061100e-03
 -1.37419733e-03
 -1.18594724e-03
 -9.81255262e-04
 -9.41162622e-04
 -8.27275752e-04
 -8.16826812e-04
 -8.78812512e-04
 -9.71124602e-04
 -1.09073247e-03
 -1.20840429e-03
 -1.27036876e-03
 -1.33194582e-03
 -1.44006003e-03
 -1.53812447e-03
 -1.57571339e-03
 -1.58312559e-03
 -1.64351233e-03
 -1.74283273e-03
 -1.85449125e-03
 -1.90839931e-03
 -1.87533882e-03
 -1.79410936e-03
 -1.71433634e-03
 -1.63401111e-03
 -1.54166380e-03
 -1.56043035e-03
 -1.74666023e-03
 -2.01746809e-03
 -2.29076608e-03
 -2.53125099e-03
 -2.76465921e-03
 -3.01628858e-03
 -3.24225367e-03
 -3.37411876e-03
 -3.38905234e-03
 -3.30721856e-03
 -3.15422933e-03
 -2.95512607e-03
 -2.80108374e-03
 -2.82136711e-03
 -2.95639857e-03
 -3.11135333e-03
 -3.19019217e-03
 -3.14863157e-03
 -3.11655185e-03
 -3.14359941e-03
 -3.20908333e-03
 -3.26188042e-03
 -3.20763238e-03
 -3.10340590e-03
 -3.06726000e-03
 -3.04743868e-03
 -2.94074679e-03
 -2.80795525e-03
 -2.80627412e-03
 -2.83006804e-03
 -2.63417873e-03
 -2.43782878e-03
 -2.39190371e-03
 -2.47136393e-03
 -2.58671349e-03
 -2.65886191e-03
 -2.64454400e-03
 -2.44061972e-03
 -2.13758437e-03
 -2.05905795e-03
 -2.17818335e-03
 -2.35616396e-03
 -2.43353516e-03
 -2.31154384e-03
 -2.14413530e-03
 -2.13622189e-03
 -2.13589119e-03
 -2.01748841e-03
 -1.86358248e-03
 -1.76146906e-03
 -1.86743121e-03
 -2.24266851e-03
 -2.58101497e-03
 -2.79647945e-03
 -3.08614565e-03
 -3.43719932e-03
 -3.71320277e-03
 -3.78680942e-03
 -3.73210390e-03
 -3.63678563e-03
 -3.52040316e-03
 -3.34946836e-03
 -3.02923067e-03
 -2.62910296e-03
 -2.30533622e-03
 -2.05763111e-03
 -1.77876571e-03
 -1.59594811e-03
 -1.46900930e-03
 -1.32788940e-03
 -1.16951172e-03
 -9.50401652e-04
 -7.50671432e-04
 -6.62106602e-04
 -6.94525682e-04
 -8.23605692e-04
 -9.83632892e-04
 -1.12812570e-03
 -1.22040956e-03
 -1.21865253e-03
 -1.19151076e-03
 -1.19948373e-03
 -1.25755888e-03
 -1.29097301e-03
 -1.12241939e-03
 -7.56395192e-04
 -2.68818672e-04
 3.17519228e-04
 8.13673488e-04
 1.18537595e-03
 1.61991374e-03
 2.04905220e-03
 2.41380877e-03
 2.71805034e-03
 2.83710299e-03
 2.81242967e-03
 2.83636183e-03
 3.17992819e-03
 3.76357391e-03
 4.37143049e-03
 4.86212032e-03
 5.40460150e-03
 6.05675885e-03
 6.60873271e-03
 6.87023100e-03
 6.78959797e-03
 6.58188593e-03
 6.45266137e-03
 6.45398587e-03
 6.43814583e-03
 6.34034292e-03
 6.24738965e-03
 6.18086904e-03
 6.02300894e-03
 5.76760436e-03
 5.26369076e-03
 4.51144322e-03
 3.96018067e-03
 3.63319519e-03
 3.44510079e-03
 3.35124349e-03
 3.33664080e-03
 3.32218409e-03
 3.38046008e-03
 3.52276943e-03
 3.58991281e-03
 3.53737038e-03
 3.35775151e-03
 3.11598705e-03
 2.83312931e-03
 2.46174425e-03
 2.17835283e-03
 2.07204544e-03
 2.04301047e-03
 1.96024265e-03
 1.78641280e-03
 1.56940234e-03
 1.29365544e-03
 9.42896718e-04
 6.30843018e-04
 5.17316888e-04
 5.69689938e-04
 7.41112078e-04
 9.46027608e-04
 1.16857997e-03
 1.50215004e-03
 1.82440878e-03
 2.07530820e-03
 2.24416499e-03
 2.25346163e-03
 2.11517384e-03
 1.96106868e-03
 1.85741402e-03
 1.80952216e-03
 1.78353757e-03
 1.73894233e-03
 1.65696576e-03
 1.53763071e-03
 1.39299219e-03
 1.26011528e-03
 1.16338091e-03
 1.15693399e-03
 9.48267808e-04
 3.69179208e-04
 -2.75519612e-04
 -7.95979062e-04
 -1.18340516e-03
 -1.39677884e-03
 -1.56999815e-03
 -1.76637103e-03
 -1.93827351e-03
 -2.13551043e-03
 -2.36889501e-03
 -2.55798660e-03
 -2.69118248e-03
 -2.83557830e-03
 -3.02540471e-03
 -3.20835288e-03
 -3.33341361e-03
 -3.41215559e-03
 -3.38430628e-03
 -3.22590080e-03
 -3.09545928e-03
 -2.99847408e-03
 -2.89048403e-03
 -2.72905963e-03
 -2.60612018e-03
 -2.62919300e-03
 -2.70358840e-03
 -2.70314376e-03
 -2.67914031e-03
 -2.59677727e-03
 -2.36274785e-03
 -2.07862169e-03
 -1.86474524e-03
 -1.61405180e-03
 -1.27021755e-03
 -9.41574672e-04
 -6.62021242e-04
 -4.54196392e-04
 -3.19313662e-04
 -1.89748542e-04
 3.56676480e-05
 2.05008778e-04
 3.72979598e-04
 6.64003418e-04
 1.02641184e-03
 1.33189494e-03
 1.43154065e-03
 1.36732177e-03
 1.22729124e-03
 1.02877287e-03
 7.39099638e-04
 2.68040878e-04
 -2.16181892e-04
 -5.55309862e-04
 -9.86372482e-04
 -1.56710255e-03
 -2.10836647e-03
 -2.67212469e-03
 -3.21174657e-03
 -3.62917878e-03
 -4.05992425e-03
 -4.60911644e-03
 -5.01590275e-03
 -5.23903313e-03
 -5.39816289e-03
 -5.52383647e-03
 -5.61656767e-03
 -5.65721028e-03
 -5.65212934e-03
 -5.63053881e-03
 -5.60534839e-03
 -5.58042555e-03
 -5.58566914e-03
 -5.64151891e-03
 -5.71704970e-03
 -5.83692142e-03
 -5.92988287e-03
 -5.99798555e-03
 -6.02403673e-03
 -5.91656056e-03
 -5.67658628e-03
 -5.39566632e-03
 -5.24030729e-03
 -5.19338526e-03
 -5.24679934e-03
 -5.34471966e-03
 -5.42319533e-03
 -5.49962902e-03
 -5.58531285e-03
 -5.60821160e-03
 -5.41883178e-03
 -4.96695683e-03
 -4.43334159e-03
 -3.97465933e-03
 -3.60275063e-03
 -3.36922602e-03
 -3.26286109e-03
 -3.19724120e-03
 -3.13508290e-03
 -3.01752238e-03
 -2.79494861e-03
 -2.60033945e-03
 -2.54333032e-03
 -2.59137959e-03
 -2.58629224e-03
 -2.60375878e-03
 -2.69947890e-03
 -2.86141237e-03
 -3.05204525e-03
 -3.20622584e-03
 -3.21690146e-03
 -3.03529012e-03
 -2.88422279e-03
 -2.77943559e-03
 -2.66704934e-03
 -2.50231809e-03
 -2.17527153e-03
 -1.57214820e-03
 -7.36747202e-04
 2.90657878e-04
 1.47230608e-03
 2.73834640e-03
 3.83443086e-03
 4.74779963e-03
 5.43977237e-03
 5.92846359e-03
 6.23569936e-03
 6.45389795e-03
 6.68259751e-03
 6.89061564e-03
 7.07478284e-03
 7.22834806e-03
 7.31806548e-03
 7.36642866e-03
 7.44771357e-03
 7.63570319e-03
 7.93600688e-03
 8.28198165e-03
 8.65423335e-03
 9.04782799e-03
 9.48262263e-03
 1.00627918e-02
 1.06284901e-02
 1.10392563e-02
 1.13661185e-02
 1.17735198e-02
 1.23354986e-02
 1.28089223e-02
 1.30278034e-02
 1.30444630e-02
 1.29058775e-02
 1.27032594e-02
 1.25292098e-02
 1.23580930e-02
 1.20703139e-02
 1.16602951e-02
 1.12231416e-02
 1.07457539e-02
 1.02391957e-02
 9.76752724e-03
 9.32865128e-03
 8.95213777e-03
 8.70344967e-03
 8.53702206e-03
 8.37923780e-03
 8.17857619e-03
 7.92525369e-03
 7.62060571e-03
 7.24842469e-03
 6.84677002e-03
 6.40974343e-03
 5.95293306e-03
 5.45410332e-03
 4.86900809e-03
 4.37234725e-03
 3.97580493e-03
 3.55941643e-03
 3.09049054e-03
 2.61658040e-03
 2.24952177e-03
 2.01618781e-03
 1.82191864e-03
 1.78978751e-03
 1.82367300e-03
 1.84104545e-03
 1.88549350e-03
 1.86930383e-03
 1.75313421e-03
 1.62749525e-03
 1.57081602e-03
 1.56100500e-03
 1.54429961e-03
 1.49574390e-03
 1.45291072e-03
 1.50940416e-03
 1.46326080e-03
 1.14164706e-03
 6.62181098e-04
 2.20195948e-04
 -9.25212120e-05
 -2.98744132e-04
 -3.97103142e-04
 -4.87660062e-04
 -5.38872442e-04
 -5.21452662e-04
 -4.74321192e-04
 -4.48148622e-04
 -4.83630052e-04
 -5.91513542e-04
 -8.35548002e-04
 -1.17443180e-03
 -1.52659375e-03
 -1.87997863e-03
 -2.26584401e-03
 -2.62479797e-03
 -2.92165409e-03
 -3.18703088e-03
 -3.46727960e-03
 -3.83617536e-03
 -4.17796300e-03
 -4.39546914e-03
 -4.56378421e-03
 -4.75994788e-03
 -4.95912305e-03
 -5.09028490e-03
 -5.17684931e-03
 -5.32225988e-03
 -5.53991529e-03
 -5.74177558e-03
 -5.87920367e-03
 -6.07908029e-03
 -6.37428063e-03
 -6.66853604e-03
 -6.72830045e-03
 -6.53993854e-03
 -6.34326814e-03
 -6.14975400e-03
 -6.01211977e-03
 -5.98810107e-03
 -6.07598134e-03
 -6.24130775e-03
 -6.16363130e-03
 -5.69307682e-03
 -5.13332593e-03
 -4.69450758e-03
 -4.32295538e-03
 -3.95197800e-03
 -3.75308198e-03
 -3.68427418e-03
 -3.71531372e-03
 -3.73349794e-03
 -3.85767123e-03
 -4.12145279e-03
 -4.36215694e-03
 -4.57294638e-03
 -4.82690107e-03
 -5.21105937e-03
 -5.70938037e-03
 -6.19189153e-03
 -6.67068926e-03
 -7.14783811e-03
 -7.56590190e-03
 -7.93201693e-03
 -8.27638437e-03
 -8.60822302e-03
 -8.88513427e-03
 -8.99952765e-03
 -8.83901888e-03
 -8.45490373e-03
 -7.84713847e-03
 -6.99809206e-03
 -6.22192275e-03
 -5.69469077e-03
 -5.46302488e-03
 -5.54792225e-03
 -5.71117283e-03
 -5.75401079e-03
 -5.66904553e-03
 -5.57494732e-03
 -5.47478666e-03
 -5.36486190e-03
 -5.32934330e-03
 -5.25226613e-03
 -5.03743004e-03
 -4.75527981e-03
 -4.49201708e-03
 -4.26349159e-03
 -3.99671921e-03
 -3.64076584e-03
 -3.28687493e-03
 -3.11007269e-03
 -3.12714931e-03
 -3.21847596e-03
 -3.17450913e-03
 -2.75932133e-03
 -2.10865794e-03
 -1.54842311e-03
 -1.05774821e-03
 -5.07525612e-04
 -7.28301620e-05
 2.57338768e-04
 5.79625888e-04
 9.17868968e-04
 1.37432567e-03
 1.97402894e-03
 2.78127583e-03
 3.69755338e-03
 4.63412058e-03
 5.70929388e-03
 6.67569912e-03
 7.57627630e-03
 8.37183434e-03
 9.16170446e-03
 9.69689039e-03
 9.97824907e-03
 1.02195604e-02
 1.05923697e-02
 1.10362581e-02
 1.14947466e-02
 1.19283831e-02
 1.23092926e-02
 1.26695061e-02
 1.30603305e-02
 1.33326815e-02
 1.33469395e-02
 1.32577253e-02
 1.31448145e-02
 1.29955520e-02
 1.29354365e-02
 1.29338090e-02
 1.29245314e-02
 1.28572793e-02
 1.26936228e-02
 1.26411066e-02
 1.27618629e-02
 1.29074486e-02
 1.29997824e-02
 1.31338211e-02
 1.33655587e-02
 1.36719459e-02
 1.39716671e-02
 1.41831949e-02
 1.42410864e-02
 1.41817333e-02
 1.40847117e-02
 1.40338313e-02
 1.41464226e-02
 1.44436482e-02
 1.47323086e-02
 1.48643947e-02
 1.48721434e-02
 1.48168959e-02
 1.47431995e-02
 1.46435500e-02
 1.44593293e-02
 1.42877244e-02
 1.42500730e-02
 1.43265493e-02
 1.44393954e-02
 1.45400508e-02
 1.46089647e-02
 1.46170121e-02
 1.45417244e-02
 1.43975510e-02
 1.42203991e-02
 1.39799921e-02
 1.36141049e-02
 1.32454500e-02
 1.29868384e-02
 1.29474670e-02
 1.27695117e-02
 1.25650957e-02
 1.23544880e-02
 1.21518206e-02
 1.19679802e-02
 1.17760081e-02
 1.15224256e-02
 1.11699084e-02
 1.07201241e-02
 1.02014397e-02
 9.66709864e-03
 9.25703502e-03
 8.86838398e-03
 8.36311276e-03
 7.60386899e-03
 6.72913119e-03
 5.88693086e-03
 5.09959966e-03
 4.31294569e-03
 3.47248188e-03
 2.50107964e-03
 1.37486009e-03
 4.90693188e-04
 -8.54080120e-05
 -5.34765212e-04
 -9.37825022e-04
 -1.32906593e-03
 -1.73022410e-03
 -2.16191990e-03
 -2.70964488e-03
 -3.43317653e-03
 -4.08535744e-03
 -4.60775585e-03
 -5.11447708e-03
 -5.62723052e-03
 -6.11049897e-03
 -6.44150839e-03
 -6.73821877e-03
 -7.04273072e-03
 -7.42463619e-03
 -7.93712017e-03
 -8.50548466e-03
 -8.91498258e-03
 -9.37664241e-03
 -1.00824151e-02
 -1.07940211e-02
 -1.12387374e-02
 -1.14750146e-02
 -1.16100285e-02
 -1.19516836e-02
 -1.24451750e-02
 -1.25614942e-02
 -1.23125681e-02
 -1.21047491e-02
 -1.20274926e-02
 -1.21609711e-02
 -1.26652802e-02
 -1.31317996e-02
 -1.34687050e-02
 -1.38354933e-02
 -1.42482171e-02
 -1.46319138e-02
 -1.48543465e-02
 -1.49989978e-02
 -1.51935657e-02
 -1.53233312e-02
 -1.52565377e-02
 -1.49291726e-02
 -1.42196436e-02
 -1.32574721e-02
 -1.23521901e-02
 -1.15000401e-02
 -1.06810711e-02
 -9.95982855e-03
 -9.44525096e-03
 -9.07540098e-03
 -8.80171534e-03
 -8.63162357e-03
 -8.51789070e-03
 -8.42330701e-03
 -8.30669126e-03
 -8.23973523e-03
 -8.25550630e-03
 -8.20158831e-03
 -7.93735115e-03
 -7.40529704e-03
 -6.63098833e-03
 -5.95097878e-03
 -5.51971160e-03
 -5.16848189e-03
 -4.81870932e-03
 -4.44580237e-03
 -3.99423193e-03
 -3.50807240e-03
 -2.90271793e-03
 -2.34052355e-03
 -1.82567196e-03
 -1.33857569e-03
 -8.74949682e-04
 -4.37074302e-04
 -1.58621320e-05
 3.52354598e-04
 6.80421768e-04
 1.06241607e-03
 1.51599924e-03
 2.12654260e-03
 2.86795130e-03
 3.45816277e-03
 4.02591424e-03
 4.55610725e-03
 5.11927906e-03
 5.51375714e-03
 5.45901969e-03
 5.12265065e-03
 4.72529398e-03
 4.45086661e-03
 4.29688274e-03
 4.10346407e-03
 3.84565224e-03
 3.67295204e-03
 3.58972169e-03
 3.50492799e-03
 3.32165741e-03
 3.01643489e-03
 2.58647620e-03
 2.00982358e-03
 1.50048953e-03
 1.22230473e-03
 1.11389516e-03
 8.30613108e-04
 3.86877628e-04
 4.33703280e-05
 -1.06749812e-04
 -1.28952082e-04
 -9.48080820e-05
 2.68273080e-05
 2.74100428e-04
 6.01193828e-04
 7.78713328e-04
 6.49434948e-04
 3.78121988e-04
 1.68252728e-04
 5.92022980e-05
 6.40156980e-05
 1.76103748e-04
 3.87635778e-04
 5.84022678e-04
 8.46592508e-04
 1.05410860e-03
 1.06727957e-03
 1.11285884e-03
 1.17242903e-03
 1.34522771e-03
 1.65506439e-03
 2.02748722e-03
 2.37433857e-03
 2.69286250e-03
 2.97506093e-03
 3.27393979e-03
 3.53453056e-03
 3.67752129e-03
 3.69333106e-03
 3.59427239e-03
 3.41602301e-03
 3.19011594e-03
 2.93156900e-03
 2.64513209e-03
 2.34035515e-03
 2.02911880e-03
 1.70365354e-03
 1.34621083e-03
 9.44747088e-04
 4.37790288e-04
 -2.41289412e-04
 -8.19619552e-04
 -1.25489398e-03
 -1.73234943e-03
 -2.40156688e-03
 -3.29626622e-03
 -4.58441493e-03
 -5.97047162e-03
 -6.83190120e-03
 -7.37452594e-03
 -7.68585528e-03
 -7.88207863e-03
 -8.01950504e-03
 -8.41007907e-03
 -8.95112247e-03
 -9.06754574e-03
 -8.89747998e-03
 -8.35291112e-03
 -7.46710714e-03
 -6.58271630e-03
 -5.67409158e-03
 -4.79388489e-03
 -4.04709216e-03
 -3.52718033e-03
 -2.96274802e-03
 -2.29662189e-03
 -1.67609128e-03
 -1.23421903e-03
 -9.55455932e-04
 -7.38476582e-04
 -5.15134702e-04
 -2.64266782e-04
 2.49035280e-05
 3.33004288e-04
 6.46284998e-04
 8.80667398e-04
 1.01996099e-03
 1.05852130e-03
 9.46850848e-04
 7.03880788e-04
 3.88446788e-04
 4.60457780e-05
 -1.21308732e-04
 -1.66053392e-04
 -2.06676200e-06
 5.22782818e-04
 9.38205298e-04
 1.24182924e-03
 1.63383377e-03
 2.11778817e-03
 2.61394192e-03
 3.09495348e-03
 3.56312059e-03
 4.03513629e-03
 4.68267008e-03
 5.25916611e-03
 5.62670945e-03
 5.98794229e-03
 6.45791882e-03
 6.82133721e-03
 7.03976440e-03
 7.14554673e-03
 7.11374139e-03
 6.92285971e-03
 6.58537799e-03
 6.17095235e-03
 5.82360712e-03
 5.59570902e-03
 5.26566267e-03
 4.65459291e-03
 3.89913440e-03
 3.04879898e-03
 2.08783872e-03
 1.30990794e-03
 5.59362828e-04
 -1.69494192e-04
 -7.65711772e-04
 -1.07366174e-03
 -1.15753775e-03
 -1.12392653e-03
 -1.03173350e-03
 -1.22403728e-03
 -1.69856330e-03
 -1.92833003e-03
 -2.01706434e-03
 -2.04121371e-03
 -1.91017279e-03
 -1.58720758e-03
 -1.31158793e-03
 -1.08894268e-03
 -9.01762852e-04
 -8.80702212e-04
 -8.32256872e-04
 -5.68282042e-04
 -3.21955482e-04
 -3.20798832e-04
 -4.96082392e-04
 -6.45229622e-04
 -7.25298862e-04
 -6.91606212e-04
 -5.52031092e-04
 -4.34376292e-04
 -4.66169112e-04
 -6.83634422e-04
 -1.06901729e-03
 -1.56747595e-03
 -2.24678811e-03
 -3.04450157e-03
 -3.77198926e-03
 -4.31412651e-03
 -4.50030500e-03
 -4.47954070e-03
 -4.40130723e-03
 -4.35958949e-03
 -4.43772684e-03
 -4.70311085e-03
 -5.07507610e-03
 -5.34669739e-03
 -5.52115707e-03
 -5.57470516e-03
 -5.45636028e-03
 -5.10262193e-03
 -4.54720881e-03
 -3.88112943e-03
 -3.16771869e-03
 -2.56298681e-03
 -1.98553188e-03
 -1.38698624e-03
 -9.13676632e-04
 -5.83040952e-04
 -3.04659102e-04
 2.82593980e-05
 4.07238318e-04
 8.29879878e-04
 1.32157707e-03
 1.87876138e-03
 2.47324959e-03
 3.13383157e-03
 3.92220908e-03
 4.59727172e-03
 5.07414190e-03
 5.46024803e-03
 5.75170431e-03
 5.82804231e-03
 5.82687018e-03
 5.87652366e-03
 5.88903991e-03
 5.79746389e-03
 5.54017129e-03
 5.20315065e-03
 4.92401252e-03
 4.70167548e-03
 4.52351417e-03
 4.38223359e-03
 4.26174486e-03
 4.16445584e-03
 4.07078154e-03
 3.91460446e-03
 3.64582163e-03
 3.25443949e-03
 2.85607574e-03
 2.54424061e-03
 2.36660153e-03
 2.30949959e-03
 2.38659519e-03
 2.66434429e-03
 3.05817521e-03
 3.44989544e-03
 3.70692927e-03
 3.81211939e-03
 3.83407497e-03
 3.81551238e-03
 3.78214057e-03
 3.74261032e-03
 3.70259093e-03
 3.68688645e-03
 3.73356563e-03
 3.77710747e-03
 3.72175743e-03
 3.57657851e-03
 3.39835846e-03
 3.24886045e-03
 3.15924347e-03
 3.05884868e-03
 2.83935773e-03
 2.50950059e-03
 2.18928346e-03
 1.71130580e-03
 1.10357181e-03
 4.52106198e-04
 -1.44258732e-04
 -7.18543422e-04
 -1.25778991e-03
 -1.64742722e-03
 -1.79390100e-03
 -1.95048872e-03
 -2.02948843e-03
 -2.09677360e-03
 -2.15015842e-03
 -2.17154622e-03
 -2.12025741e-03
 -1.97054440e-03
 -1.77751048e-03
 -1.58107547e-03
 -1.38601064e-03
 -1.20351635e-03
 -1.01350028e-03
 -7.74516352e-04
 -4.28414142e-04
 -5.39482003e-07
 3.46220098e-04
 4.56724558e-04
 4.92945538e-04
 5.64913708e-04
 6.35303868e-04
 4.58349048e-04
 -8.00888020e-05
 -7.53289202e-04
 -1.34126725e-03
 -1.76435012e-03
 -2.08290923e-03
 -2.38359044e-03
 -2.71143201e-03
 -3.06555845e-03
 -3.42688715e-03
 -3.81098537e-03
 -4.15946735e-03
 -4.52677240e-03
 -4.96969922e-03
 -5.44629593e-03
 -5.94360561e-03
 -6.41291896e-03
 -6.71379630e-03
 -6.87292055e-03
 -6.94384882e-03
 -6.92141045e-03
 -6.81927894e-03
 -6.69251288e-03
 -6.57824269e-03
 -6.49204504e-03
 -6.40914235e-03
 -6.32483696e-03
 -6.26008614e-03
 -6.22398414e-03
 -6.18598842e-03
 -6.15290593e-03
 -6.14211468e-03
 -6.13785974e-03
 -6.12490755e-03
 -6.09327740e-03
 -6.05387807e-03
 -6.06852267e-03
 -6.23480843e-03
 -6.52026033e-03
 -6.77222222e-03
 -6.94942929e-03
 -6.90334229e-03
 -6.82848173e-03
 -6.90207577e-03
 -7.04378010e-03
 -7.19232846e-03
 -7.32707998e-03
 -7.49102900e-03
 -7.66085989e-03
 -7.87308155e-03
 -8.23320590e-03
 -8.72103492e-03
 -9.22120437e-03
 -9.72489821e-03
 -1.01795527e-02
 -1.04222924e-02
 -1.05185160e-02
 -1.05855833e-02
 -1.05286437e-02
 -1.02846820e-02
 -1.00137573e-02
 -9.62586645e-03
 -9.17138101e-03
 -8.81107176e-03
 -8.54231652e-03
 -8.24472737e-03
 -7.91960093e-03
 -7.57696278e-03
 -7.20936576e-03
 -6.83296966e-03
 -6.47270588e-03
 -6.04495188e-03
 -5.65257550e-03
 -5.36034506e-03
 -5.13472587e-03
 -4.97869270e-03
 -4.86596896e-03
 -4.71155850e-03
 -4.45600246e-03
 -4.11350462e-03
 -3.70044721e-03
 -3.23855002e-03
 -2.75618661e-03
 -2.23998171e-03
 -1.74943445e-03
 -1.34600899e-03
 -9.98224782e-04
 -5.77981982e-04
 -2.51119862e-04
 -5.55398720e-05
 1.38702448e-04
 4.40288328e-04
 8.55651648e-04
 1.32177303e-03
 1.78724262e-03
 2.20218765e-03
 2.40707617e-03
 2.46466593e-03
 2.45716745e-03
 2.39339376e-03
 2.27568063e-03
 2.10779860e-03
 1.85841829e-03
 1.46539981e-03
 9.91028798e-04
 5.54476488e-04
 1.59991828e-04
 -1.06038972e-04
 -3.15004542e-04
 -5.05883932e-04
 -6.73176272e-04
 -8.59696122e-04
 -1.15226851e-03
 -1.47481032e-03
 -1.71836311e-03
 -1.92607379e-03
 -2.26881228e-03
 -2.67704866e-03
 -2.98121706e-03
 -3.17903632e-03
 -3.38909839e-03
 -3.78702551e-03
 -4.33959207e-03
 -4.88794002e-03
 -5.39700649e-03
 -6.04191545e-03
 -6.70091497e-03
 -7.41145709e-03
 -8.22771903e-03
 -9.01885334e-03
 -9.43556717e-03
 -9.46550036e-03
 -9.30284092e-03
 -9.14636569e-03
 -9.12547647e-03
 -9.24894197e-03
 -9.19377948e-03
 -8.74085052e-03
 -8.24552527e-03
 -7.77347874e-03
 -7.25141131e-03
 -6.72560864e-03
 -6.29514109e-03
 -5.96011012e-03
 -5.70301616e-03
 -5.47573274e-03
 -5.20415303e-03
 -4.90549800e-03
 -4.62062823e-03
 -4.37558034e-03
 -4.19624754e-03
 -4.11529510e-03
 -4.13398196e-03
 -4.13959258e-03
 -4.05889550e-03
 -3.92382581e-03
 -3.75994278e-03
 -3.56643286e-03
 -3.30309247e-03
 -2.90951202e-03
 -2.48039610e-03
 -2.07765564e-03
 -1.61396487e-03
 -1.50553783e-03
 -9.04272252e-04
 -4.53872612e-04
 -1.10750942e-04
 1.37930768e-04
 2.64168338e-04
 1.40347058e-04
 -1.34545432e-04
 -5.38092932e-04
 -1.09337512e-03
 -1.65762265e-03
 -2.16261321e-03
 -2.62814393e-03
 -3.08816448e-03
 -3.46123287e-03
 -3.73922500e-03
 -3.91121675e-03
 -3.99463958e-03
 -4.05656361e-03
 -4.14569092e-03
 -4.24847023e-03
 -4.33771144e-03
 -4.42040857e-03
 -4.51743271e-03
 -4.53789055e-03
 -4.45985901e-03
 -4.46467938e-03
 -4.40434194e-03
 -4.31333759e-03
 -4.24386811e-03
 -4.18739846e-03
 -4.11183456e-03
 -4.00594970e-03
 -3.87731813e-03
 -3.75716415e-03
 -3.70128025e-03
 -3.72671099e-03
 -3.81490522e-03
 -3.94252212e-03
 -3.96675165e-03
 -3.86818958e-03
 -3.84348525e-03
 -3.89019248e-03
 -3.83424451e-03
 -3.38113660e-03
 -2.65333203e-03
 -2.05889098e-03
 -1.74189635e-03
 -1.65579796e-03
 -1.70659005e-03
 -1.77276606e-03
 -1.84952476e-03
 -1.94646255e-03
 -2.05392696e-03
 -2.16669432e-03
 -2.27734134e-03
 -2.35567868e-03
 -2.37613946e-03
 -2.31116792e-03
 -2.13226891e-03
 -1.82220425e-03
 -1.35810777e-03
 -9.43477932e-04
 -8.80828012e-04
 -1.08765092e-03
 -1.49604250e-03
 -1.93194202e-03
 -2.34466497e-03
 -2.74350800e-03
 -2.98313807e-03
 -3.12397390e-03
 -3.33488312e-03
 -3.64381391e-03
 -3.90046229e-03
 -4.12967993e-03
 -4.42836067e-03
 -4.78858227e-03
 -5.16654750e-03
 -5.53244015e-03
 -5.88034317e-03
 -6.18935092e-03
 -6.38766128e-03
 -6.42456446e-03
 -6.33858460e-03
 -6.25360122e-03
 -6.17447176e-03
 -6.04462455e-03
 -5.94067226e-03
 -5.90539542e-03
 -5.91428780e-03
 -5.93740461e-03
 -5.94453241e-03
 -5.89005933e-03
 -5.71968746e-03
 -5.39897547e-03
 -5.02373363e-03
 -4.64079300e-03
 -4.25173876e-03
 -3.88365201e-03
 -3.58890381e-03
 -3.40902603e-03
 -3.34951897e-03
 -3.38920225e-03
 -3.50603014e-03
 -3.69237834e-03
 -3.89144290e-03
 -4.12616586e-03
 -4.43083583e-03
 -4.75203953e-03
 -5.07335954e-03
 -5.20043043e-03
 -5.13784067e-03
 -5.08760332e-03
 -5.15333243e-03
 -5.30429673e-03
 -5.48805102e-03
 -5.70515133e-03
 -5.85196466e-03
 -5.94877408e-03
 -5.96824620e-03
 -5.91267665e-03
 -5.76558925e-03
 -5.42865369e-03
 -5.02400256e-03
 -4.76338416e-03
 -4.67065536e-03
 -4.70937713e-03
 -4.83724596e-03
 -5.03479215e-03
 -5.23153364e-03
 -5.27900087e-03
 -5.20682769e-03
 -5.11583185e-03
 -5.03992204e-03
 -5.02417076e-03
 -5.07977368e-03
 -5.18780066e-03
 -5.35488229e-03
 -5.56524115e-03
 -5.82301971e-03
 -6.16491425e-03
 -6.43555754e-03
 -6.58622442e-03
 -6.65484801e-03
 -6.73912218e-03
 -6.85578704e-03
 -6.94460468e-03
 -6.90038073e-03
 -6.72192633e-03
 -6.43491239e-03
 -5.98417347e-03
 -5.49608306e-03
 -4.96960011e-03
 -4.37693993e-03
 -3.87002214e-03
 -3.55309156e-03
 -3.36482332e-03
 -3.24841787e-03
 -3.17324885e-03
 -3.12359061e-03
 -3.08950543e-03
 -3.06487657e-03
 -3.04256500e-03
 -3.00678957e-03
 -2.94257695e-03
 -2.91518415e-03
 -2.97852870e-03
 -3.11245241e-03
 -3.27948219e-03
 -3.42584244e-03
 -3.50377166e-03
 -3.44109148e-03
 -3.17731947e-03
 -2.83763079e-03
 -2.50248573e-03
 -2.12979753e-03
 -1.68535408e-03
 -1.35001731e-03
 -1.28213668e-03
 -1.29777163e-03
 -1.22218576e-03
 -1.07295604e-03
 -9.46721482e-04
 -9.04526692e-04
