 4.94680963e-01
 2.03583767e-02
 -3.00571448e-01
 7.45010903e-01
 4.20504439e-01
 9.98288220e-01
 -7.79216641e-01
 1.36553341e+00
 -4.22941336e-01
 -2.43885130e-01
 -6.18339919e-01
 -3.36134566e-02
 5.31228422e-01
 2.53560274e-01
 -9.99672361e-01
 -4.28287679e-01
 -1.74187406e+00
 2.21358719e-01
 2.84823714e-01
 2.66145105e-01
 -1.03706112e-03
 -1.15041916e+00
 -1.09174185e+00
 -6.91247433e-01
 1.49866075e-01
 -4.58895134e-01
 5.38736135e-02
 8.63894099e-01
 7.33930018e-01
 -1.55212314e+00
 9.17574954e-01
 1.81050345e-01
 -1.07352024e+00
 6.62434404e-01
 -3.05130886e-02
 -4.83937671e-01
 -1.42222057e-01
 -6.42653322e-01
 5.55444958e-01
 5.61516337e-01
 -1.00216617e+00
 -5.89102611e-01
 1.29410114e+00
 2.24426984e-01
 9.21403924e-01
 -2.62009386e-01
 -4.28483935e-02
 1.10411112e+00
 1.21021753e+00
 8.45999219e-01
 7.34478039e-01
 -1.64316191e+00
 -1.22484072e+00
 1.84273224e+00
 -7.32685874e-01
 3.53171267e-01
 9.74517105e-01
 -5.19949915e-01
 -1.43403050e+00
 -1.40841452e-01
 -8.06550346e-02
 8.39365437e-01
 6.11619926e-01
 -7.59725507e-01
 -2.27646862e+00
 -6.72550184e-01
 -5.69975724e-02
 -9.41683385e-01
 2.18532873e+00
 4.48496788e-01
 5.92839528e-01
 3.77986721e-01
 9.82330348e-01
 5.17906798e-01
 8.42955530e-01
 -2.87649903e-01
 1.74316359e+00
 -1.60144684e+00
 8.18269669e-01
 -5.34890274e-02
 -2.59336758e-01
 -2.70425766e-01
 -1.44679225e-01
 -2.26949505e-01
 -1.76906287e+00
 -3.70377303e-02
 6.17105317e-01
 2.26037997e-02
 -1.17924656e-01
 -1.28396917e+00
 1.67710050e-01
 -1.90142720e-01
 -1.48151221e-01
 6.03523951e-01
 -4.43651070e-01
 8.34862588e-01
 -2.22947412e-02
 -4.88355996e-01
 -9.32539672e-01
 3.99006827e-02
 4.57436359e-01
 7.50249456e-01
 1.73169904e+00
 -1.97171562e+00
 3.66329239e-01
 2.22034668e-02
 1.29099971e+00
 -1.61218109e+00
 8.44335079e-01
 1.10773778e-01
 1.73124864e+00
 8.37297585e-01
 -1.64753498e-01
 -7.14197263e-01
 8.98391909e-02
 7.45143100e-01
 6.93436455e-01
 4.58077724e-02
 1.14089373e+00
 -1.39415675e+00
 2.37122406e-01
 -6.68797183e-02
 -5.87723898e-01
 1.18930165e+00
 1.20488574e+00
 -1.09292625e-01
 1.47735525e+00
 4.69596081e-01
 1.02159998e+00
 -1.44818953e+00
 -6.84972126e-01
 1.55956398e+00
 9.86516488e-01
 -7.68694481e-01
 3.02618376e-01
 1.58975339e+00
 -8.53768993e-01
 5.54421029e-01
 1.05904212e+00
 8.77327519e-01
 -1.99547053e-01
 -6.61024306e-01
 -1.23353891e+00
 1.54788262e-01
 1.39441131e+00
 -8.17976935e-01
 1.20408568e-01
 1.27658204e+00
 1.56322207e+00
 -7.38632319e-01
 -1.33851116e+00
 9.59075459e-01
 -7.55543155e-01
 -1.01053315e+00
 2.82638850e-01
 -6.56304710e-01
 -5.29506789e-01
 8.02617573e-02
 4.88219540e-01
 1.00139769e+00
 9.35761379e-01
 1.86567186e+00
 -8.03709695e-01
 2.68784473e-02
 -7.30438328e-01
 -9.60912116e-01
 -6.56646603e-01
 -6.18170503e-01
 -1.11317026e+00
 -6.74122234e-01
 9.93658570e-01
 2.46767407e-01
 1.27186987e-01
 1.52575390e+00
 3.81082188e-02
 6.68283020e-01
 1.81374132e+00
 1.00750151e+00
 -8.71346749e-01
 1.26655060e+00
 -1.05639285e+00
 -8.37059113e-02
 -1.24463030e+00
 -1.43486982e+00
 -6.95307236e-01
 6.00865065e-02
 -2.07044502e+00
 -4.97601694e-01
 -2.94775685e-02
 2.81028372e-01
 -8.32797171e-01
 -1.05370522e+00
 2.12825815e-01
 -5.50667606e-01
 -7.91633885e-01
 6.29006907e-01
 1.44445216e+00
 -1.06918307e+00
 -1.51757374e+00
 2.85285612e-01
 8.64701640e-01
 -7.39100155e-01
 1.33022961e+00
 -1.23458141e+00
 -6.02111654e-01
 1.09147671e+00
 2.05626024e-01
 -6.45875598e-01
 -1.71123463e+00
 -3.66924766e-01
 1.60517975e+00
 1.38283742e-01
 -4.38819121e-01
 2.47137233e-01
 -1.37339458e-01
 -1.71277672e-01
 2.55779759e-01
 1.18432279e+00
 -1.94769832e-01
 5.81409984e-01
 1.78258991e-01
 2.64193321e-01
 -1.64668587e+00
 8.99362300e-01
 -8.81554034e-02
 1.65774958e+00
 5.97672795e-01
 5.27373094e-01
 -2.88124958e-01
 1.10761588e+00
 -8.84486393e-01
 5.17345540e-01
 2.50341467e-01
 -1.01234017e+00
 5.26062447e-01
 -1.14539599e-01
 -7.08918178e-02
 1.28702463e+00
 9.80266360e-01
 3.04028551e-01
 4.20703813e-01
 4.07847697e-01
 -1.39660942e-01
 -3.75263180e-01
 -2.70490543e-01
 9.81481898e-01
 2.99626412e-01
 1.75561381e-01
 -5.18290444e-01
 -7.80139442e-01
 1.56914887e+00
 -8.29716298e-01
 -9.95020024e-01
 2.06215825e+00
 -3.35696984e-01
 -9.67247581e-01
 1.20278692e+00
 3.51054650e-01
 3.79679690e-01
 -5.64397351e-01
 -3.95098120e-01
 -2.32437086e-01
 -1.79581778e-01
 5.20081684e-02
 1.02069056e+00
 -6.68556757e-02
 -1.94529836e+00
 -1.82328740e+00
 5.51647808e-01
 4.51315760e-01
 -3.57917127e-01
 1.20797277e+00
 -2.38713508e+00
 1.14685464e+00
 -7.43734152e-01
 6.42203377e-01
 4.96007314e-01
 6.71655914e-01
 8.13718754e-01
 1.12351728e+00
 9.64044175e-01
 -6.91848418e-01
 1.86708222e+00
 -1.57669680e-01
 4.46495064e-01
 -1.99621115e-01
 -6.71253638e-01
 -1.88880797e+00
 1.70281655e-02
 -1.22219704e-01
 -1.29596747e+00
 1.02357569e+00
 1.58530028e+00
 -1.99189102e-01
 6.68675688e-02
 -6.77642429e-01
 3.54119401e-01
 -9.36910349e-01
 4.45768872e-01
 4.20097895e-02
 -1.11516527e+00
 1.17682251e+00
 -5.54431648e-01
 -1.26393834e+00
 -2.36557394e+00
 1.63158752e+00
 2.26995443e-01
 4.03851236e-01
 5.28939084e-01
 -9.48505132e-01
 9.62807247e-01
 3.78155859e-01
 1.30091812e+00
 -1.73182939e-02
 1.07359383e+00
 -6.05005781e-03
 -1.73645180e+00
 6.76326620e-01
 -1.61847979e+00
 1.42298154e+00
 1.31397770e+00
 -6.23913548e-01
 1.90478217e-01
 8.28086153e-01
 2.82985566e-01
 -8.11363021e-01
 -2.23276823e-01
 2.16971319e+00
 -7.00567954e-01
 1.86396307e-01
 4.78996283e-01
 -1.56056754e-02
 -9.22165894e-01
 8.01531948e-02
 -1.39303006e+00
 5.00557237e-01
 -1.34447314e-01
 6.32977935e-01
 3.95058774e-01
 -5.29266853e-01
 1.48818519e+00
 -8.65259834e-01
 3.80519902e-01
 -1.81418363e+00
 -1.26523378e+00
 5.07403331e-01
 -6.60416117e-01
 2.74164920e-01
 8.27828027e-03
 1.28470160e-02
 3.64997090e-01
 -2.25705781e+00
 9.31800592e-01
 3.86667570e-01
 -5.66689478e-01
 -8.69598780e-01
 -7.01243402e-01
 -1.06274568e+00
 -9.85634515e-01
 -3.77046000e-01
 1.81408642e+00
 7.44517491e-02
 5.56261852e-01
 2.31158516e+00
 6.42481050e-01
 6.21936412e-01
 8.40405755e-01
 3.55917051e-01
 9.08290749e-01
 9.83539476e-01
 1.07642992e+00
 3.60567081e-01
 -6.55683990e-02
 -1.45885771e+00
 3.79324938e-01
 -2.00760577e+00
 -5.74108386e-01
 1.37381341e-01
 9.73204898e-02
 -4.58933297e-01
 -3.59880920e-02
 7.20094389e-01
 -6.28708399e-01
 1.48932766e+00
 3.05397182e-01
 -1.07061565e+00
 -3.49094925e-01
 4.62275441e-01
 -8.11672830e-01
 -5.52096201e-01
 -1.64128327e+00
 8.63690043e-01
 -4.48725616e-01
 9.98815384e-01
 -7.69823738e-01
 2.03738218e-01
 -1.38388057e-01
 -7.31926265e-01
 2.61805353e-01
 -1.30461446e+00
 -1.29341811e+00
 -4.57894656e-01
 -5.92997321e-01
 1.88298428e+00
 -1.31837894e+00
 7.83867327e-02
 -5.60656230e-01
 -3.93611589e-01
 6.56111427e-01
 5.47005600e-01
 -3.21662514e-02
 1.03723947e-01
 3.40028684e-01
 -3.84062029e-01
 5.49848904e-02
 -1.19207445e+00
 -3.28791647e-01
 2.14726336e+00
 -4.64827412e-01
 -4.98278505e-01
 3.46813233e-02
 -1.27535010e+00
 1.55756663e+00
 -1.79380167e-01
 -4.42687551e-01
 -6.11369866e-01
 -1.15627862e-01
 -2.49668766e-01
 -1.70562243e+00
 -3.14161382e-01
 -3.24604665e-01
 -8.00123099e-01
 -2.17681811e+00
 -1.49174951e-01
 -1.59835698e-01
 -4.02172618e-01
 2.96452133e-01
 2.21636298e+00
 1.59230694e+00
 6.50199025e-01
 -7.84141749e-01
 9.99888902e-01
 8.79640468e-02
 1.67663269e+00
 1.53848467e+00
 -2.04181069e+00
 -4.52412644e-01
 -2.55766384e-01
 -1.02581833e+00
 1.76724722e+00
 -7.80277461e-01
 5.50216162e-01
 -6.53699730e-01
 1.47620727e-01
 1.37637914e-01
 -1.90514107e-01
 6.48516674e-02
 7.08338897e-01
 2.79560812e-01
 -5.41695288e-01
 -2.13469962e-02
 -5.39997905e-01
 5.77063751e-01
 3.74083469e-01
 2.09274277e-01
 1.19125933e+00
 -7.75411654e-01
 6.10499513e-01
 6.98667061e-01
 1.67077692e+00
 -2.65634520e-01
 1.64166314e+00
 -2.66593048e-01
 1.31840652e+00
 5.00328131e-01
 1.68647512e+00
 1.03889869e-01
 -1.66962506e+00
 4.77683997e-01
 -5.30984129e-01
 3.10644943e+00
 -1.57350103e+00
 -6.15265621e-01
 7.49881228e-01
 1.00681566e+00
 -6.16270049e-01
 -3.56659575e-01
 -2.23720834e-01
 -7.72731836e-01
 -2.22291807e-01
 -2.38566050e-01
 -1.10834733e+00
 1.33033045e-02
 2.82925862e-01
 2.96427794e-01
 7.32107002e-01
 5.58857474e-02
 -1.07996359e+00
 7.03194214e-01
 -1.60708217e+00
 3.97796157e-01
 -8.68146013e-01
 -6.83815698e-01
 1.50769176e-01
 -8.67838062e-01
 1.25831688e+00
 1.98416113e+00
 2.13047112e-02
 1.33711672e+00
 5.34331893e-01
 6.38124056e-01
 -1.03247379e+00
 2.37662620e-01
 -9.01620563e-01
 2.74204125e-01
 -6.72299521e-01
 2.51520413e-01
 -7.97103900e-01
 -4.53217721e-01
 -4.24177970e-01
 -4.55914791e-01
 -1.30686668e+00
 -2.06234200e+00
 9.42059024e-01
 6.28962750e-01
 4.32109884e-01
 -8.89232207e-01
 -1.44022698e+00
 2.13614576e+00
 -1.73136935e+00
 -2.24153145e-01
 1.34442164e+00
 2.16141783e-01
 1.37737532e+00
 -3.86355668e-01
 1.20092991e+00
 4.53767347e-01
 -5.40131451e-01
 -1.08961112e+00
 -1.44425378e+00
 7.81572849e-01
 -4.69952697e-01
 8.70206103e-01
 1.08850733e+00
 -9.03081765e-01
 7.70981980e-01
 7.29802017e-01
 -5.41349131e-02
 1.56987127e-01
 1.68317928e-01
 -1.00010144e-02
 -1.88213243e-01
 -8.46671813e-02
 7.28064973e-01
 1.90502372e+00
 1.76397175e-01
 -1.16299837e+00
 -1.10251250e+00
 2.50947914e+00
 -1.51831316e+00
 2.00394049e+00
 -2.04960083e+00
 -1.76707560e-01
 -3.83655161e-01
 1.50757903e+00
 -2.40103900e-01
 5.27343633e-01
 -1.17665436e+00
 3.80687849e-01
 -2.89421192e-02
 5.06643281e-01
 1.45481169e+00
 -4.10755560e-01
 -6.81753657e-01
 -4.34630121e-01
 -1.46047057e+00
 3.66949765e-02
 -2.13402128e-01
 9.48314660e-01
 -2.99661338e-01
 6.49415484e-01
 -7.36306885e-01
 6.70148841e-01
 -8.81547017e-01
 1.46226789e-01
 -2.14692945e-01
 4.15384086e-01
 -1.64819422e+00
 -5.13911268e-01
 -1.02643553e+00
 1.15955343e+00
 2.75456737e-01
 5.44572982e-01
 -1.56258769e+00
 2.79974507e-01
 8.07991218e-01
 9.86384133e-01
 1.37327968e+00
 -1.83575124e-01
 -6.96974583e-01
 3.81463008e-03
 1.14541824e-01
 -1.70878967e+00
 2.93159420e-01
 2.21869200e+00
 -6.49554992e-01
 1.71033672e+00
 5.00818445e-01
 9.45081707e-02
 -2.18217031e-01
 1.21957214e+00
 -3.21954102e-02
 8.90257093e-01
 1.73894959e+00
 9.48034433e-02
 1.07399808e+00
 5.88036061e-01
 -1.30994673e-01
 1.84497464e-02
 8.73283800e-01
 -2.79669484e-01
 2.45939112e+00
 -1.50185757e+00
 9.75039087e-01
 -9.81946389e-01
 -5.05293055e-02
 -3.30176646e-01
 -4.21007693e-01
 7.76434528e-01
 4.60435020e-01
 -3.10230149e-01
 9.84725875e-01
 -2.93035484e-01
 -2.70160366e+00
 7.15777889e-01
 -4.42290282e-01
 -2.36176001e+00
 5.95655538e-01
 -1.18413236e+00
 -5.58204737e-01
 -8.50101238e-02
 -1.71443934e+00
 9.93527950e-01
 -3.16309533e-01
 2.22704727e+00
 -1.16702109e+00
 2.32133068e-01
 -2.35205874e-02
 -1.52529212e+00
 -1.68745912e+00
 3.21865553e-03
 1.86080128e+00
 7.36713435e-01
 2.84451345e-01
 1.42220554e+00
 2.96577440e-01
 8.72338641e-01
 1.25109909e-01
 -9.00190850e-01
 -9.01356034e-01
 -4.11298180e-02
 1.99293042e-01
 2.12162976e-01
 7.15005996e-01
 -3.78524687e-01
 -9.53398073e-01
 -4.40058093e-01
 5.71952043e-01
 -6.40470689e-02
 1.30093043e+00
 -4.80337779e-01
 -5.82193213e-02
 1.29098554e+00
 3.92781058e-01
 -1.55797394e+00
 -1.62872102e+00
 8.75466658e-02
 4.28388909e-01
 1.53023342e+00
 2.99481200e-01
 6.17647619e-02
 -1.56682440e-01
 8.27095177e-01
 1.22740077e+00
 -4.74131351e-01
 -8.45283420e-01
 5.96694771e-01
 -5.57052981e-01
 -3.80273167e-01
 -1.32742561e+00
 -3.15757399e-01
 9.53280285e-01
 -2.14349892e-01
 -1.56876227e+00
 2.13300211e+00
 -9.02491025e-02
 -3.68928371e-01
 -2.54980535e-01
 -2.09464715e+00
 -5.50976595e-01
 -9.82266798e-01
 -1.31951505e+00
 -3.83711543e-01
 -1.76090256e+00
 -9.87677852e-01
 1.26953868e+00
 -2.19452394e+00
 -6.11402452e-01
 1.38028047e+00
 -6.63259091e-01
 7.13912847e-02
 -1.00025618e+00
 1.33690533e+00
 9.35485806e-01
 3.56741015e-01
 1.15830314e+00
 1.09740366e+00
 -1.36514277e+00
 6.28513185e-01
 -1.28070155e+00
 -1.44497189e+00
 -4.67993563e-01
 -5.36959865e-01
 -1.45594718e+00
 -1.05583370e-01
 1.54397365e-01
 -1.05994482e+00
 -3.50559061e-01
 -1.15327350e+00
 8.99452339e-01
 -1.63155227e+00
 -1.18837907e+00
 -1.53119241e-01
 -1.34229599e-01
 3.00485267e-01
 -3.17038850e-01
 -1.11709236e+00
 -5.70329500e-01
 -1.56921333e+00
 -1.22053812e+00
 -2.63253649e-01
 1.85804875e+00
 -1.71118177e-01
 -7.32504676e-01
 -8.78638730e-01
 7.94391519e-01
 -1.77431697e+00
 2.14422089e+00
 1.46755855e+00
 -3.75860881e-01
 -3.75860881e-01
 1.46755855e+00
 2.14422089e+00
 -1.77431697e+00
 7.94391519e-01
 -8.78638730e-01
 -7.32504676e-01
 -1.71118177e-01
 1.85804875e+00
 -2.63253649e-01
 -1.22053812e+00
 -1.56921333e+00
 -5.70329500e-01
 -1.11709236e+00
 -3.17038850e-01
 3.00485267e-01
 -1.34229599e-01
 -1.53119241e-01
 -1.18837907e+00
 -1.63155227e+00
 8.99452339e-01
 -1.15327350e+00
 -3.50559061e-01
 -1.05994482e+00
 1.54397365e-01
 -1.05583370e-01
 -1.45594718e+00
 -5.36959865e-01
 -4.67993563e-01
 -1.44497189e+00
 -1.28070155e+00
 6.28513185e-01
 -1.36514277e+00
 1.09740366e+00
 1.15830314e+00
 3.56741015e-01
 9.35485806e-01
 1.33690533e+00
 -1.00025618e+00
 7.13912847e-02
 -6.63259091e-01
 1.38028047e+00
 -6.11402452e-01
 -2.19452394e+00
 1.26953868e+00
 -9.87677852e-01
 -1.76090256e+00
 -3.83711543e-01
 -1.31951505e+00
 -9.82266798e-01
 -5.50976595e-01
 -2.09464715e+00
 -2.54980535e-01
 -3.68928371e-01
 -9.02491025e-02
 2.13300211e+00
 -1.56876227e+00
 -2.14349892e-01
 9.53280285e-01
 -3.15757399e-01
 -1.32742561e+00
 -3.80273167e-01
 -5.57052981e-01
 5.96694771e-01
 -8.45283420e-01
 -4.74131351e-01
 1.22740077e+00
 8.27095177e-01
 -1.56682440e-01
 6.17647619e-02
 2.99481200e-01
 1.53023342e+00
 4.28388909e-01
 8.75466658e-02
 -1.62872102e+00
 -1.55797394e+00
 3.92781058e-01
 1.29098554e+00
 -5.82193213e-02
 -4.80337779e-01
 1.30093043e+00
 -6.40470689e-02
 5.71952043e-01
 -4.40058093e-01
 -9.53398073e-01
 -3.78524687e-01
 7.15005996e-01
 2.12162976e-01
 1.99293042e-01
 -4.11298180e-02
 -9.01356034e-01
 -9.00190850e-01
 1.25109909e-01
 8.72338641e-01
 2.96577440e-01
 1.42220554e+00
 2.84451345e-01
 7.36713435e-01
 1.86080128e+00
 3.21865553e-03
 -1.68745912e+00
 -1.52529212e+00
 -2.35205874e-02
 2.32133068e-01
 -1.16702109e+00
 2.22704727e+00
 -3.16309533e-01
 9.93527950e-01
 -1.71443934e+00
 -8.50101238e-02
 -5.58204737e-01
 -1.18413236e+00
 5.95655538e-01
 -2.36176001e+00
 -4.42290282e-01
 7.15777889e-01
 -2.70160366e+00
 -2.93035484e-01
 9.84725875e-01
 -3.10230149e-01
 4.60435020e-01
 7.76434528e-01
 -4.21007693e-01
 -3.30176646e-01
 -5.05293055e-02
 -9.81946389e-01
 9.75039087e-01
 -1.50185757e+00
 2.45939112e+00
 -2.79669484e-01
 8.73283800e-01
 1.84497464e-02
 -1.30994673e-01
 5.88036061e-01
 1.07399808e+00
 9.48034433e-02
 1.73894959e+00
 8.90257093e-01
 -3.21954102e-02
 1.21957214e+00
 -2.18217031e-01
 9.45081707e-02
 5.00818445e-01
 1.71033672e+00
 -6.49554992e-01
 2.21869200e+00
 2.93159420e-01
 -1.70878967e+00
 1.14541824e-01
 3.81463008e-03
 -6.96974583e-01
 -1.83575124e-01
 1.37327968e+00
 9.86384133e-01
 8.07991218e-01
 2.79974507e-01
 -1.56258769e+00
 5.44572982e-01
 2.75456737e-01
 1.15955343e+00
 -1.02643553e+00
 -5.13911268e-01
 -1.64819422e+00
 4.15384086e-01
 -2.14692945e-01
 1.46226789e-01
 -8.81547017e-01
 6.70148841e-01
 -7.36306885e-01
 6.49415484e-01
 -2.99661338e-01
 9.48314660e-01
 -2.13402128e-01
 3.66949765e-02
 -1.46047057e+00
 -4.34630121e-01
 -6.81753657e-01
 -4.10755560e-01
 1.45481169e+00
 5.06643281e-01
 -2.89421192e-02
 3.80687849e-01
 -1.17665436e+00
 5.27343633e-01
 -2.40103900e-01
 1.50757903e+00
 -3.83655161e-01
 -1.76707560e-01
 -2.04960083e+00
 2.00394049e+00
 -1.51831316e+00
 2.50947914e+00
 -1.10251250e+00
 -1.16299837e+00
 1.76397175e-01
 1.90502372e+00
 7.28064973e-01
 -8.46671813e-02
 -1.88213243e-01
 -1.00010144e-02
 1.68317928e-01
 1.56987127e-01
 -5.41349131e-02
 7.29802017e-01
 7.70981980e-01
 -9.03081765e-01
 1.08850733e+00
 8.70206103e-01
 -4.69952697e-01
 7.81572849e-01
 -1.44425378e+00
 -1.08961112e+00
 -5.40131451e-01
 4.53767347e-01
 1.20092991e+00
 -3.86355668e-01
 1.37737532e+00
 2.16141783e-01
 1.34442164e+00
 -2.24153145e-01
 -1.73136935e+00
 2.13614576e+00
 -1.44022698e+00
 -8.89232207e-01
 4.32109884e-01
 6.28962750e-01
 9.42059024e-01
 -2.06234200e+00
 -1.30686668e+00
 -4.55914791e-01
 -4.24177970e-01
 -4.53217721e-01
 -7.97103900e-01
 2.51520413e-01
 -6.72299521e-01
 2.74204125e-01
 -9.01620563e-01
 2.37662620e-01
 -1.03247379e+00
 6.38124056e-01
 5.34331893e-01
 1.33711672e+00
 2.13047112e-02
 1.98416113e+00
 1.25831688e+00
 -8.67838062e-01
 1.50769176e-01
 -6.83815698e-01
 -8.68146013e-01
 3.97796157e-01
 -1.60708217e+00
 7.03194214e-01
 -1.07996359e+00
 5.58857474e-02
 7.32107002e-01
 2.96427794e-01
 2.82925862e-01
 1.33033045e-02
 -1.10834733e+00
 -2.38566050e-01
 -2.22291807e-01
 -7.72731836e-01
 -2.23720834e-01
 -3.56659575e-01
 -6.16270049e-01
 1.00681566e+00
 7.49881228e-01
 -6.15265621e-01
 -1.57350103e+00
 3.10644943e+00
 -5.30984129e-01
 4.77683997e-01
 -1.66962506e+00
 1.03889869e-01
 1.68647512e+00
 5.00328131e-01
 1.31840652e+00
 -2.66593048e-01
 1.64166314e+00
 -2.65634520e-01
 1.67077692e+00
 6.98667061e-01
 6.10499513e-01
 -7.75411654e-01
 1.19125933e+00
 2.09274277e-01
 3.74083469e-01
 5.77063751e-01
 -5.39997905e-01
 -2.13469962e-02
 -5.41695288e-01
 2.79560812e-01
 7.08338897e-01
 6.48516674e-02
 -1.90514107e-01
 1.37637914e-01
 1.47620727e-01
 -6.53699730e-01
 5.50216162e-01
 -7.80277461e-01
 1.76724722e+00
 -1.02581833e+00
 -2.55766384e-01
 -4.52412644e-01
 -2.04181069e+00
 1.53848467e+00
 1.67663269e+00
 8.79640468e-02
 9.99888902e-01
 -7.84141749e-01
 6.50199025e-01
 1.59230694e+00
 2.21636298e+00
 2.96452133e-01
 -4.02172618e-01
 -1.59835698e-01
 -1.49174951e-01
 -2.17681811e+00
 -8.00123099e-01
 -3.24604665e-01
 -3.14161382e-01
 -1.70562243e+00
 -2.49668766e-01
 -1.15627862e-01
 -6.11369866e-01
 -4.42687551e-01
 -1.79380167e-01
 1.55756663e+00
 -1.27535010e+00
 3.46813233e-02
 -4.98278505e-01
 -4.64827412e-01
 2.14726336e+00
 -3.28791647e-01
 -1.19207445e+00
 5.49848904e-02
 -3.84062029e-01
 3.40028684e-01
 1.03723947e-01
 -3.21662514e-02
 5.47005600e-01
 6.56111427e-01
 -3.93611589e-01
 -5.60656230e-01
 7.83867327e-02
 -1.31837894e+00
 1.88298428e+00
 -5.92997321e-01
 -4.57894656e-01
 -1.29341811e+00
 -1.30461446e+00
 2.61805353e-01
 -7.31926265e-01
 -1.38388057e-01
 2.03738218e-01
 -7.69823738e-01
 9.98815384e-01
 -4.48725616e-01
 8.63690043e-01
 -1.64128327e+00
 -5.52096201e-01
 -8.11672830e-01
 4.62275441e-01
 -3.49094925e-01
 -1.07061565e+00
 3.05397182e-01
 1.48932766e+00
 -6.28708399e-01
 7.20094389e-01
 -3.59880920e-02
 -4.58933297e-01
 9.73204898e-02
 1.37381341e-01
 -5.74108386e-01
 -2.00760577e+00
 3.79324938e-01
 -1.45885771e+00
 -6.55683990e-02
 3.60567081e-01
 1.07642992e+00
 9.83539476e-01
 9.08290749e-01
 3.55917051e-01
 8.40405755e-01
 6.21936412e-01
 6.42481050e-01
 2.31158516e+00
 5.56261852e-01
 7.44517491e-02
 1.81408642e+00
 -3.77046000e-01
 -9.85634515e-01
 -1.06274568e+00
 -7.01243402e-01
 -8.69598780e-01
 -5.66689478e-01
 3.86667570e-01
 9.31800592e-01
 -2.25705781e+00
 3.64997090e-01
 1.28470160e-02
 8.27828027e-03
 2.74164920e-01
 -6.60416117e-01
 5.07403331e-01
 -1.26523378e+00
 -1.81418363e+00
 3.80519902e-01
 -8.65259834e-01
 1.48818519e+00
 -5.29266853e-01
 3.95058774e-01
 6.32977935e-01
 -1.34447314e-01
 5.00557237e-01
 -1.39303006e+00
 8.01531948e-02
 -9.22165894e-01
 -1.56056754e-02
 4.78996283e-01
 1.86396307e-01
 -7.00567954e-01
 2.16971319e+00
 -2.23276823e-01
 -8.11363021e-01
 2.82985566e-01
 8.28086153e-01
 1.90478217e-01
 -6.23913548e-01
 1.31397770e+00
 1.42298154e+00
 -1.61847979e+00
 6.76326620e-01
 -1.73645180e+00
 -6.05005781e-03
 1.07359383e+00
 -1.73182939e-02
 1.30091812e+00
 3.78155859e-01
 9.62807247e-01
 -9.48505132e-01
 5.28939084e-01
 4.03851236e-01
 2.26995443e-01
 1.63158752e+00
 -2.36557394e+00
 -1.26393834e+00
 -5.54431648e-01
 1.17682251e+00
 -1.11516527e+00
 4.20097895e-02
 4.45768872e-01
 -9.36910349e-01
 3.54119401e-01
 -6.77642429e-01
 6.68675688e-02
 -1.99189102e-01
 1.58530028e+00
 1.02357569e+00
 -1.29596747e+00
 -1.22219704e-01
 1.70281655e-02
 -1.88880797e+00
 -6.71253638e-01
 -1.99621115e-01
 4.46495064e-01
 -1.57669680e-01
 1.86708222e+00
 -6.91848418e-01
 9.64044175e-01
 1.12351728e+00
 8.13718754e-01
 6.71655914e-01
 4.96007314e-01
 6.42203377e-01
 -7.43734152e-01
 1.14685464e+00
 -2.38713508e+00
 1.20797277e+00
 -3.57917127e-01
 4.51315760e-01
 5.51647808e-01
 -1.82328740e+00
 -1.94529836e+00
 -6.68556757e-02
 1.02069056e+00
 5.20081684e-02
 -1.79581778e-01
 -2.32437086e-01
 -3.95098120e-01
 -5.64397351e-01
 3.79679690e-01
 3.51054650e-01
 1.20278692e+00
 -9.67247581e-01
 -3.35696984e-01
 2.06215825e+00
 -9.95020024e-01
 -8.29716298e-01
 1.56914887e+00
 -7.80139442e-01
 -5.18290444e-01
 1.75561381e-01
 2.99626412e-01
 9.81481898e-01
 -2.70490543e-01
 -3.75263180e-01
 -1.39660942e-01
 4.07847697e-01
 4.20703813e-01
 3.04028551e-01
 9.80266360e-01
 1.28702463e+00
 -7.08918178e-02
 -1.14539599e-01
 5.26062447e-01
 -1.01234017e+00
 2.50341467e-01
 5.17345540e-01
 -8.84486393e-01
 1.10761588e+00
 -2.88124958e-01
 5.27373094e-01
 5.97672795e-01
 1.65774958e+00
 -8.81554034e-02
 8.99362300e-01
 -1.64668587e+00
 2.64193321e-01
 1.78258991e-01
 5.81409984e-01
 -1.94769832e-01
 1.18432279e+00
 2.55779759e-01
 -1.71277672e-01
 -1.37339458e-01
 2.47137233e-01
 -4.38819121e-01
 1.38283742e-01
 1.60517975e+00
 -3.66924766e-01
 -1.71123463e+00
 -6.45875598e-01
 2.05626024e-01
 1.09147671e+00
 -6.02111654e-01
 -1.23458141e+00
 1.33022961e+00
 -7.39100155e-01
 8.64701640e-01
 2.85285612e-01
 -1.51757374e+00
 -1.06918307e+00
 1.44445216e+00
 6.29006907e-01
 -7.91633885e-01
 -5.50667606e-01
 2.12825815e-01
 -1.05370522e+00
 -8.32797171e-01
 2.81028372e-01
 -2.94775685e-02
 -4.97601694e-01
 -2.07044502e+00
 6.00865065e-02
 -6.95307236e-01
 -1.43486982e+00
 -1.24463030e+00
 -8.37059113e-02
 -1.05639285e+00
 1.26655060e+00
 -8.71346749e-01
 1.00750151e+00
 1.81374132e+00
 6.68283020e-01
 3.81082188e-02
 1.52575390e+00
 1.27186987e-01
 2.46767407e-01
 9.93658570e-01
 -6.74122234e-01
 -1.11317026e+00
 -6.18170503e-01
 -6.56646603e-01
 -9.60912116e-01
 -7.30438328e-01
 2.68784473e-02
 -8.03709695e-01
 1.86567186e+00
 9.35761379e-01
 1.00139769e+00
 4.88219540e-01
 8.02617573e-02
 -5.29506789e-01
 -6.56304710e-01
 2.82638850e-01
 -1.01053315e+00
 -7.55543155e-01
 9.59075459e-01
 -1.33851116e+00
 -7.38632319e-01
 1.56322207e+00
 1.27658204e+00
 1.20408568e-01
 -8.17976935e-01
 1.39441131e+00
 1.54788262e-01
 -1.23353891e+00
 -6.61024306e-01
 -1.99547053e-01
 8.77327519e-01
 1.05904212e+00
 5.54421029e-01
 -8.53768993e-01
 1.58975339e+00
 3.02618376e-01
 -7.68694481e-01
 9.86516488e-01
 1.55956398e+00
 -6.84972126e-01
 -1.44818953e+00
 1.02159998e+00
 4.69596081e-01
 1.47735525e+00
 -1.09292625e-01
 1.20488574e+00
 1.18930165e+00
 -5.87723898e-01
 -6.68797183e-02
 2.37122406e-01
 -1.39415675e+00
 1.14089373e+00
 4.58077724e-02
 6.93436455e-01
 7.45143100e-01
 8.98391909e-02
 -7.14197263e-01
 -1.64753498e-01
 8.37297585e-01
 1.73124864e+00
 1.10773778e-01
 8.44335079e-01
 -1.61218109e+00
 1.29099971e+00
 2.22034668e-02
 3.66329239e-01
 -1.97171562e+00
 1.73169904e+00
 7.50249456e-01
 4.57436359e-01
 3.99006827e-02
 -9.32539672e-01
 -4.88355996e-01
 -2.22947412e-02
 8.34862588e-01
 -4.43651070e-01
 6.03523951e-01
 -1.48151221e-01
 -1.90142720e-01
 1.67710050e-01
 -1.28396917e+00
 -1.17924656e-01
 2.26037997e-02
 6.17105317e-01
 -3.70377303e-02
 -1.76906287e+00
 -2.26949505e-01
 -1.44679225e-01
 -2.70425766e-01
 -2.59336758e-01
 -5.34890274e-02
 8.18269669e-01
 -1.60144684e+00
 1.74316359e+00
 -2.87649903e-01
 8.42955530e-01
 5.17906798e-01
 9.82330348e-01
 3.77986721e-01
 5.92839528e-01
 4.48496788e-01
 2.18532873e+00
 -9.41683385e-01
 -5.69975724e-02
 -6.72550184e-01
 -2.27646862e+00
 -7.59725507e-01
 6.11619926e-01
 8.39365437e-01
 -8.06550346e-02
 -1.40841452e-01
 -1.43403050e+00
 -5.19949915e-01
 9.74517105e-01
 3.53171267e-01
 -7.32685874e-01
 1.84273224e+00
 -1.22484072e+00
 -1.64316191e+00
 7.34478039e-01
 8.45999219e-01
 1.21021753e+00
 1.10411112e+00
 -4.28483935e-02
 -2.62009386e-01
 9.21403924e-01
 2.24426984e-01
 1.29410114e+00
 -5.89102611e-01
 -1.00216617e+00
 5.61516337e-01
 5.55444958e-01
 -6.42653322e-01
 -1.42222057e-01
 -4.83937671e-01
 -3.05130886e-02
 6.62434404e-01
 -1.07352024e+00
 1.81050345e-01
 9.17574954e-01
 -1.55212314e+00
 7.33930018e-01
 8.63894099e-01
 5.38736135e-02
 -4.58895134e-01
 1.49866075e-01
 -6.91247433e-01
 -1.09174185e+00
 -1.15041916e+00
 -1.03706112e-03
 2.66145105e-01
 2.84823714e-01
 2.21358719e-01
 -1.74187406e+00
 -4.28287679e-01
 -9.99672361e-01
 2.53560274e-01
 5.31228422e-01
 -3.36134566e-02
 -6.18339919e-01
 -2.43885130e-01
 -4.22941336e-01
 1.36553341e+00
 -7.79216641e-01
 9.98288220e-01
 4.20504439e-01
 7.45010903e-01
 -3.00571448e-01
 2.03583767e-02
 4.94680963e-01
